1788090070140 208,4.51,42,P8,1
1788090070260 208,4.51,42,P8,1
1788090070379 208,4.51,42,P8,1
1788090070497 208,4.51,42,P8,1
1788090070615 208,4.51,42,P8,1
1788090070735 208,4.51,42,P8,1
1788090070851 208,4.51,42,P8,1
1788090070969 208,4.45,42,P8,1
1788090071087 227,4.45,43,P8,0
1788090071206 227,4.45,43,P8,0
1788090071326 227,4.45,43,P8,0
1788090071442 227,4.45,43,P8,0
1788090071559 227,4.45,43,P8,0
1788090071676 227,4.45,43,P8,0
1788090071794 227,4.45,43,P8,0
1788090071914 227,4.44,43,P8,0
1788090072033 227,4.44,43,P8,0
1788090072151 227,4.44,43,P8,0
1788090072272 227,4.44,43,P8,0
1788090072390 227,4.44,43,P8,0
1788090072508 227,4.44,43,P8,0
1788090072625 227,4.44,43,P8,0
1788090072749 227,4.44,43,P8,0
1788090072865 227,4.44,43,P8,0
1788090072982 227,4.43,43,P8,0
1788090073100 208,4.43,43,P8,0
1788090073217 208,4.43,43,P8,0
1788090073335 208,4.43,43,P8,0
1788090073452 208,4.43,43,P8,0
1788090073568 208,4.43,43,P8,0
1788090073686 208,4.43,43,P8,0
1788090073802 208,4.43,43,P8,0
1788090073918 208,4.44,43,P8,0
1788090074036 208,4.44,43,P8,0
1788090074152 208,4.44,43,P8,0
1788090074268 208,4.44,43,P8,0
1788090074384 208,4.70,43,P8,0
1788090074501 208,5.59,43,P8,0
1788090074619 208,6.61,43,P8,0
1788090074737 208,6.92,43,P8,0
1788090074853 208,7.15,43,P8,0
1788090074970 208,9.89,43,P8,0
1788090075089 2411,10.41,43,P0,0
1788090075208 2411,10.44,43,P0,0
1788090075326 2411,13.16,43,P0,0
1788090075444 2411,12.94,43,P0,0
1788090075561 2411,11.81,43,P0,0
1788090075679 2411,11.16,43,P0,0
1788090075802 2411,11.18,43,P0,0
1788090075921 2411,11.19,43,P0,0
1788090076039 2411,11.35,43,P0,0
1788090076157 2411,10.85,43,P0,0
1788090076275 2411,10.87,43,P0,0
1788090076393 2411,10.89,43,P0,0
1788090076515 2411,10.90,43,P0,0
1788090076631 2411,10.91,43,P0,0
1788090076750 2411,10.93,43,P0,0
1788090076867 2411,10.94,43,P0,0
1788090076985 2411,10.94,43,P0,0
1788090077103 2411,10.94,44,P0,0
1788090077221 2411,10.94,44,P0,0
1788090077338 2411,10.95,44,P0,0
1788090077455 2411,10.95,44,P0,0
1788090077573 2411,10.96,44,P0,0
1788090077696 2411,10.96,44,P0,0
1788090077812 2411,10.94,44,P0,0
1788090077928 2411,10.94,44,P0,0
1788090078047 2411,10.94,44,P0,0
1788090078165 2411,10.95,44,P0,0
1788090078283 2411,10.94,44,P0,0
1788090078401 2411,10.95,44,P0,0
1788090078519 2411,10.95,44,P0,0
1788090078635 2411,10.96,44,P0,0
1788090078754 2411,10.97,44,P0,0
1788090078870 2411,10.97,44,P0,0
1788090078988 2411,10.99,44,P0,0
1788090079106 2411,10.99,44,P0,0
1788090079224 2411,11.00,44,P0,0
1788090079342 2411,11.00,44,P0,0
1788090079459 2411,11.02,44,P0,0
1788090079577 2411,11.02,45,P0,0
1788090079695 2411,11.02,45,P0,0
1788090079812 2411,11.03,45,P0,0
1788090079930 2411,11.04,45,P0,0
1788090080049 2411,11.03,45,P0,0
1788090080166 2411,11.04,45,P0,0
1788090080283 2411,11.04,45,P0,0
1788090080398 2411,11.04,45,P0,0
1788090080515 2411,11.04,45,P0,0
1788090080631 2411,11.05,45,P0,0
1788090080747 2411,11.06,45,P0,0
1788090080866 2411,11.06,45,P0,0
1788090080984 2411,11.06,45,P0,0
1788090081101 2411,11.06,45,P0,0
1788090081220 2411,15.17,45,P0,0
1788090081340 2411,20.96,45,P0,0
1788090081459 2411,26.75,45,P0,0
1788090081578 2411,32.50,45,P0,0
1788090081698 2411,38.27,45,P0,0
1788090081817 2411,42.54,45,P0,0
1788090081938 2411,48.47,45,P0,0
1788090082059 2411,54.39,45,P0,0
1788090082178 2411,58.20,45,P0,0
1788090082297 2411,58.28,45,P0,0
1788090082417 2411,58.40,45,P0,0
1788090082537 2411,58.51,45,P0,0
1788090082656 2411,58.63,45,P0,0
1788090082774 2411,60.37,45,P0,0
1788090082894 2411,60.12,45,P0,0
1788090083013 2411,60.13,45,P0,0
1788090083134 2411,60.11,45,P0,0
1788090083253 2411,60.10,45,P0,0
1788090083374 2411,60.14,45,P0,0
1788090083496 2411,60.16,45,P0,0
1788090083615 2411,60.19,45,P0,0
1788090083735 2411,60.19,45,P0,0
1788090083856 2411,60.21,45,P0,0
1788090083975 2411,60.40,45,P0,0
1788090084096 2522,60.18,54,P0,96
1788090084217 2522,60.19,54,P0,96
1788090084337 2522,60.18,54,P0,96
1788090084458 2522,60.18,54,P0,96
1788090084579 2522,60.15,54,P0,96
1788090084699 2522,60.14,54,P0,96
1788090084819 2522,60.14,54,P0,96
1788090084938 2522,60.10,54,P0,96
1788090085058 2522,60.32,54,P0,96
1788090085178 2522,60.32,54,P0,96
1788090085298 2522,60.29,54,P0,96
1788090085419 2522,60.27,54,P0,96
1788090085537 2522,60.28,54,P0,96
1788090085657 2522,60.23,54,P0,96
1788090085776 2522,60.23,54,P0,96
1788090085897 2522,60.22,54,P0,96
1788090086017 2522,60.21,54,P0,96
1788090086138 2522,60.18,54,P0,96
1788090086258 2522,60.17,54,P0,96
1788090086379 2522,59.94,54,P0,96
1788090086501 2522,59.91,54,P0,96
1788090086620 2522,59.91,54,P0,96
1788090086740 2522,59.89,54,P0,96
1788090086861 2522,59.88,54,P0,96
1788090086980 2522,59.87,54,P0,96
1788090087101 2522,59.85,55,P0,96
1788090087221 2522,59.84,55,P0,96
1788090087342 2522,59.98,55,P0,96
1788090087461 2522,60.05,55,P0,96
1788090087581 2522,60.03,55,P0,96
1788090087701 2522,60.01,55,P0,96
1788090087822 2522,60.00,55,P0,96
1788090087942 2522,60.00,55,P0,96
1788090088062 2522,59.97,55,P0,96
1788090088182 2522,59.95,55,P0,96
1788090088303 2522,59.94,55,P0,96
1788090088423 2522,59.93,55,P0,96
1788090088543 2522,59.90,55,P0,96
1788090088663 2522,59.89,55,P0,96
1788090088780 2522,59.88,55,P0,96
1788090088901 2522,59.86,55,P0,96
1788090089021 2522,59.85,55,P0,96
1788090089140 2522,59.83,55,P0,96
1788090089259 2522,59.81,55,P0,96
1788090089379 2522,59.81,55,P0,96
1788090089499 2522,59.80,55,P0,96
1788090089620 2522,59.78,55,P0,96
1788090089739 2522,59.77,55,P0,96
1788090089859 2522,59.75,55,P0,96
1788090089980 2522,59.76,55,P0,96
1788090090098 2522,59.72,56,P0,96
1788090090218 2522,59.72,56,P0,96
1788090090339 2522,59.70,56,P0,96
1788090090459 2522,59.68,56,P0,96
1788090090579 2522,59.69,56,P0,96
1788090090700 2522,59.67,56,P0,96
1788090090821 2522,59.63,56,P0,96
1788090090941 2522,59.62,56,P0,96
1788090091061 2522,59.61,56,P0,96
1788090091181 2522,59.42,56,P0,96
1788090091301 2522,59.42,56,P0,96
1788090091422 2522,59.41,56,P0,96
1788090091542 2522,59.37,56,P0,96
1788090091661 2522,59.37,56,P0,96
1788090091781 2522,59.35,56,P0,96
1788090091901 2522,59.35,56,P0,96
1788090092021 2522,55.60,56,P0,96
1788090092139 2522,50.35,56,P0,96
1788090092256 2522,44.71,56,P0,96
1788090092373 2522,39.06,56,P0,96
1788090092492 2522,33.42,56,P0,96
1788090092611 2411,27.78,50,P0,0
1788090092727 2411,21.35,50,P0,0
1788090092845 2411,16.48,50,P0,0
1788090092964 2411,11.76,50,P0,0
1788090093083 2411,11.56,50,P0,0
1788090093202 2411,11.49,50,P0,0
1788090093320 2411,11.44,50,P0,0
1788090093440 2411,11.42,50,P0,0
1788090093559 2411,11.40,50,P0,0
