apr 1788091629694 0,2411,14.39,64
apr 1788091629913 0,2411,14.38,64
apr 1788091630132 0,2411,14.39,64
apr 1788091630353 0,2411,14.40,64
apr 1788091630573 0,2411,14.40,64
apr 1788091630791 0,2411,14.41,64
apr 1788091631008 0,2411,14.41,64
apr 1788091631226 0,2411,14.39,64
apr 1788091631444 0,2411,14.38,64
apr 1788091631660 0,2411,14.38,64
apr 1788091631879 0,2411,14.38,64
apr 1788091632096 0,2411,14.38,64
apr 1788091632314 0,2411,14.95,64
apr 1788091632531 94,2411,17.12,65
apr 1788091632746 94,2411,17.28,65
apr 1788091632964 94,2411,17.49,65
apr 1788091633185 94,2411,17.90,64
apr 1788091633404 94,2411,16.80,64
apr 1788091633622 0,2411,15.14,64
apr 1788091633839 0,2411,15.18,64
apr 1788091634056 0,2411,14.69,64
apr 1788091634277 0,2411,14.71,64
apr 1788091634495 0,2411,14.71,64
apr 1788091634714 0,2411,14.72,64
apr 1788091634932 0,2411,14.72,64
apr 1788091635151 0,2411,14.71,64
apr 1788091635370 0,2411,14.70,64
apr 1788091635585 0,2411,14.70,64
apr 1788091635802 0,2411,14.70,64
apr 1788091636021 0,2411,14.70,64
apr 1788091636239 0,2411,14.70,64
apr 1788091636458 0,2411,14.71,64
apr 1788091636675 0,2411,14.71,64
apr 1788091636895 0,2411,14.71,64
apr 1788091637113 0,2411,14.71,64
apr 1788091637331 0,2411,14.71,64
apr 1788091637548 0,2411,14.71,64
apr 1788091637769 0,2411,14.70,64
apr 1788091637985 0,2411,14.71,64
apr 1788091638204 0,2411,14.70,64
apr 1788091638419 0,2411,14.71,64
apr 1788091638641 0,2411,14.71,64
apr 1788091638858 0,2411,14.71,64
apr 1788091639074 0,2411,14.71,64
apr 1788091639291 0,2411,23.32,64
apr 1788091639511 0,2411,34.06,64
apr 1788091639731 0,2411,43.24,70
apr 1788091639952 0,2411,54.34,70
apr 1788091640173 96,2411,62.75,71
apr 1788091640394 96,2411,63.01,71
apr 1788091640615 96,2411,63.34,71
apr 1788091640835 96,2411,65.11,71
apr 1788091641056 96,2411,65.07,72
apr 1788091641275 96,2411,65.11,72
apr 1788091641495 96,2411,65.15,72
apr 1788091641716 96,2411,65.19,72
apr 1788091641937 96,2411,65.30,72
apr 1788091642160 96,2411,64.68,72
apr 1788091642380 96,2411,64.68,72
apr 1788091642599 96,2411,64.65,72
apr 1788091642819 96,2411,64.58,72
apr 1788091643039 96,2411,64.98,72
apr 1788091643260 96,2411,65.18,72
apr 1788091643480 96,2411,65.14,72
apr 1788091643701 96,2411,65.10,72
apr 1788091643922 96,2411,65.07,72
apr 1788091644141 96,2411,65.07,72
apr 1788091644362 96,2411,64.33,72
apr 1788091644582 96,2411,64.31,73
apr 1788091644804 96,2411,64.27,73
apr 1788091645024 96,2411,64.25,72
apr 1788091645244 96,2411,64.21,72
apr 1788091645465 96,2411,64.90,72
apr 1788091645685 96,2411,64.84,73
apr 1788091645905 96,2411,64.80,73
apr 1788091646124 96,2411,64.78,73
apr 1788091646344 96,2411,64.72,73
apr 1788091646564 96,2411,64.71,73
apr 1788091646786 96,2411,64.67,73
apr 1788091647005 96,2411,64.64,73
apr 1788091647224 96,2411,64.61,73
apr 1788091647444 96,2411,64.57,73
apr 1788091647663 96,2411,64.54,73
apr 1788091647885 96,2411,64.50,73
apr 1788091648102 96,2411,64.49,73
apr 1788091648322 96,2411,64.45,73
apr 1788091648543 96,2411,64.41,73
apr 1788091648763 96,2411,64.40,73
apr 1788091648981 96,2411,64.37,73
apr 1788091649202 96,2411,63.67,73
apr 1788091649422 96,2411,63.63,73
apr 1788091649643 96,2411,63.60,73
apr 1788091649863 96,2411,63.58,73
apr 1788091650085 96,2411,60.74,73
ollama 1788091655271 0,2411,14.55,65
ollama 1788091655489 0,2411,21.97,65
ollama 1788091655716 91,2411,30.11,68
ollama 1788091655944 91,2411,39.20,68
ollama 1788091656169 92,2411,47.58,70
ollama 1788091656396 92,2411,52.18,70
ollama 1788091656620 91,2411,52.35,70
ollama 1788091656844 91,2411,52.64,70
ollama 1788091657067 92,2411,52.71,70
ollama 1788091657292 92,2411,52.84,70
ollama 1788091657516 92,2411,52.93,70
ollama 1788091657742 92,2411,52.95,71
ollama 1788091657968 92,2411,52.99,71
ollama 1788091658198 92,2411,53.08,71
ollama 1788091658424 92,2411,53.11,71
ollama 1788091658647 91,2411,53.10,71
ollama 1788091658878 91,2411,53.16,71
ollama 1788091659104 93,2411,53.16,71
ollama 1788091659328 93,2411,53.14,71
ollama 1788091659551 92,2411,53.27,72
ollama 1788091659773 92,2411,53.38,72
ollama 1788091659998 92,2411,53.37,72
ollama 1788091660226 92,2411,53.47,71
ollama 1788091660450 92,2411,53.45,71
ollama 1788091660674 91,2411,53.43,72
ollama 1788091660899 91,2411,53.49,72
ollama 1788091661123 92,2411,53.58,72
ollama 1788091661348 92,2411,53.60,72
ollama 1788091661572 92,2411,53.75,72
ollama 1788091661800 92,2411,53.85,72
ollama 1788091662021 92,2411,53.78,72
ollama 1788091662246 92,2411,53.79,72
