35529664815
35529694194
35534496348
35536679028
35538888008
35539958068
35539958617
35542051751
35542052927
35542054012
35542081356
35550228839
35551016938
35551329195
35556710166
35559035151
35559906094
35561049308
35562562923
35563538380
35564092115
35570376220
35579370078
35584819537
35589844296
35596999313
35602907016
35606052834
35613745899
35621168203
35622875046
35629062866
35636307132
35641528830
35649358447
35682751126
35686965915
35689460168
35721789826
35733346984
35740094206
35743104716
35745052504
35747427333
35759119987
35760540795
35762475197
35766198203
35768077765
35769579058
35775178057
35777366885
35779833261
35781530119
35783147780
35785985508
35787147236
35797523261
35799795413
35802356641
35809390226
35813125456
35815472665
35819669051
35826230906
35829316848
35842345102
35862380796
35865319039
35868210587
35877627491
35879345679
35960661956
35992403275
36010274043
36014090731
36016189093
36029839305
36032470368
36033230005
36047728773
36049519846
36054957692
36056516045
36057175909
36058078948
36059999253
36061169963
36071534176
36078565293
36085293371
36086204333
36090274152
36090357875
36091288279
36093030783
36099585209
36105491403
36118164484
36119195541
36119589864
36121962444
36123739017
36135459701
36137018658
36148145139
36161452446
36163449268
36177073451
36177379117
36177410214
36178171569
36182523915
36182568927
36189738689
36191488388
36197466892
36199008705
36199175952
36202205613
36203129208
36208871859
36209439730
36212366765
36219424278
36220214999
36223997268
36225440662
36229622731
36236152298
36237640401
36244870905
36246483181
36251833352
36254587212
36255036136
36257329047
36259754651
36261955368
36264409907
36265690366
36266699092
36267537295
36298850626
36299328612
36300735359
36301822781
36311378067
36315039764
36322091100
36322092872
36322094539
